40
4
0 3
0 7
0 10
0 12
0 15
1 4
1 8
1 11
1 16
1 19
2 5
2 9
2 13
2 17
2 21
3 6
3 10
3 14
3 18
3 22
4 7
4 11
4 15
4 19
4 23
5 8
5 12
5 16
5 20
5 24
6 9
6 13
6 17
6 21
6 25
7 10
7 14
7 18
7 22
7 26
8 11
8 15
8 19
8 23
8 27
9 12
9 16
9 20
9 24
9 28
10 13
10 17
10 21
10 25
10 29
11 14
11 18
11 22
11 26
11 30
12 15
12 19
12 23
12 27
12 31
13 16
13 20
13 24
13 28
13 32
14 17
14 21
14 25
14 29
14 33
15 18
15 22
15 26
15 30
15 34
16 19
16 23
16 27
16 31
16 35
17 20
17 24
17 28
17 32
17 36
18 21
18 25
18 29
18 33
18 37
19 22
19 26
19 30
19 34
19 38
20 23
20 27
20 31
20 35
20 39
